Initial condition file for si3d model            - 
Lake Tahoe Simulations R4 02-Jan-2018   - 
Simulations starting on 2018-05-21 11:00:00      - 
Depths (m) not used   Temp (oC)                  - 
Source: CTD data                                 - 
-------------------------------------------------- 
     -0.25     4.0000     0.0000     0.0000     0.0000     0.0000     0.0000     0.0000 
     -0.25     4.0000     0.0000     0.0000     0.0000     0.0000     0.0000     0.0000 
     -0.75     4.0000     0.0000     0.0000     0.0000     0.0000     0.0000     0.0000 
     -1.25     4.0000     0.0000     0.0000     0.0000     0.0000     0.0000     0.0000 
     -1.75     4.0000     0.0000     0.0000     0.0000     0.0000     0.0000     0.0000 
     -2.25     4.0000     0.0000     0.0000     0.0000     0.0000     0.0000     0.0000 
     -2.75     4.0000     0.0000     0.0000     0.0000     0.0000     0.0000     0.0000 
     -3.25     4.0000     0.0000     0.0000     0.0000     0.0000     0.0000     0.0000 
     -3.75     4.0000     0.0000     0.0000     0.0000     0.0000     0.0000     0.0000 
     -4.25     4.0000     0.0000     0.0000     0.0000     0.0000     0.0000     0.0000 
     -4.75     4.0000     0.0000     0.0000     0.0000     0.0000     0.0000     0.0000 
     -5.25     4.0000     0.0000     0.0000     0.0000     0.0000     0.0000     0.0000 
     -5.75     4.0000     0.0000     0.0000     0.0000     0.0000     0.0000     0.0000 
     -6.25     4.0000     0.0000     0.0000     0.0000     0.0000     0.0000     0.0000 
     -6.75     4.0000     0.0000     0.0000     0.0000     0.0000     0.0000     0.0000 
     -7.25     4.0000     0.0000     0.0000     0.0000     0.0000     0.0000     0.0000 
     -7.75     4.0000     0.0000     0.0000     0.0000     0.0000     0.0000     0.0000 
     -8.25     4.0000     0.0000     0.0000     0.0000     0.0000     0.0000     0.0000 
     -8.75     4.0000     0.0000     0.0000     0.0000     0.0000     0.0000     0.0000 
     -9.25     4.0000     0.0000     0.0000     0.0000     0.0000     0.0000     0.0000 
     -9.75     4.0000     0.0000     0.0000     0.0000     0.0000     0.0000     0.0000 
    -10.25     4.0000     0.0000     0.0000     0.0000     0.0000     0.0000     0.0000 
    -10.75     4.0000     0.0000     0.0000     0.0000     0.0000     0.0000     0.0000 
    -11.25     4.0000     0.0000     0.0000     0.0000     0.0000     0.0000     0.0000 
    -11.75     4.0000     0.0000     0.0000     0.0000     0.0000     0.0000     0.0000 
    -12.25     4.0000     0.0000     0.0000     0.0000     0.0000     0.0000     0.0000 
    -12.75     4.0000     0.0000     0.0000     0.0000     0.0000     0.0000     0.0000 
    -13.25     4.0000     0.0000     0.0000     0.0000     0.0000     0.0000     0.0000 
    -13.75     4.0000     0.0000     0.0000     0.0000     0.0000     0.0000     0.0000 
    -14.25     4.0000     0.0000     0.0000     0.0000     0.0000     0.0000     0.0000 
    -14.75     4.0000     0.0000     0.0000     0.0000     0.0000     0.0000     0.0000 
    -15.25     4.0000     0.0000     0.0000     0.0000     0.0000     0.0000     0.0000 
    -15.75     4.0000     0.0000     0.0000     0.0000     0.0000     0.0000     0.0000 
    -16.25     4.0000     0.0000     0.0000     0.0000     0.0000     0.0000     0.0000 
    -16.75     4.0000     0.0000     0.0000     0.0000     0.0000     0.0000     0.0000 
    -17.25     4.0000     0.0000     0.0000     0.0000     0.0000     0.0000     0.0000 
    -17.75     4.0000     0.0000     0.0000     0.0000     0.0000     0.0000     0.0000 
    -18.25     4.0000     0.0000     0.0000     0.0000     0.0000     0.0000     0.0000 
    -18.75     4.0000     0.0000     0.0000     0.0000     0.0000     0.0000     0.0000 
    -19.25     4.0000     0.0000     0.0000     0.0000     0.0000     0.0000     0.0000 
    -19.75     4.0000     0.0000     0.0000     0.0000     0.0000     0.0000     0.0000 
    -20.25     4.0000     0.0000     0.0000     0.0000     0.0000     0.0000     0.0000 
    -20.75     4.0000     0.0000     0.0000     0.0000     0.0000     0.0000     0.0000 
    -21.25     4.0000     0.0000     0.0000     0.0000     0.0000     0.0000     0.0000 
    -21.75     4.0000     0.0000     0.0000     0.0000     0.0000     0.0000     0.0000 
    -22.25     4.0000     0.0000     0.0000     0.0000     0.0000     0.0000     0.0000 
    -22.75     4.0000     0.0000     0.0000     0.0000     0.0000     0.0000     0.0000 
    -23.25     4.0000     0.0000     0.0000     0.0000     0.0000     0.0000     0.0000 
    -23.75     4.0000     0.0000     0.0000     0.0000     0.0000     0.0000     0.0000 
    -24.25     4.0000     0.0000     0.0000     0.0000     0.0000     0.0000     0.0000 
    -24.75     4.0000     0.0000     0.0000     0.0000     0.0000     0.0000     0.0000 
    -25.25     4.0000     0.0000     0.0000     0.0000     0.0000     0.0000     0.0000 
    -25.75     4.0000     0.0000     0.0000     0.0000     0.0000     0.0000     0.0000 
    -26.25     4.0000     0.0000     0.0000     0.0000     0.0000     0.0000     0.0000 
    -26.75     4.0000     0.0000     0.0000     0.0000     0.0000     0.0000     0.0000 
    -27.25     4.0000     0.0000     0.0000     0.0000     0.0000     0.0000     0.0000 
    -27.75     4.0000     0.0000     0.0000     0.0000     0.0000     0.0000     0.0000 
    -28.25     4.0000     0.0000     0.0000     0.0000     0.0000     0.0000     0.0000 
    -28.75     4.0000     0.0000     0.0000     0.0000     0.0000     0.0000     0.0000 
    -29.25     4.0000     0.0000     0.0000     0.0000     0.0000     0.0000     0.0000 
    -29.75     4.0000     0.0000     0.0000     0.0000     0.0000     0.0000     0.0000 
    -30.25     4.0000     0.0000     0.0000     0.0000     0.0000     0.0000     0.0000 
    -30.75     4.0000     0.0000     0.0000     0.0000     0.0000     0.0000     0.0000 
    -31.25     4.0000     0.0000     0.0000     0.0000     0.0000     0.0000     0.0000 
    -31.75     4.0000     0.0000     0.0000     0.0000     0.0000     0.0000     0.0000 
    -32.25     4.0000     0.0000     0.0000     0.0000     0.0000     0.0000     0.0000 
    -32.75     4.0000     0.0000     0.0000     0.0000     0.0000     0.0000     0.0000 
    -33.25     4.0000     0.0000     0.0000     0.0000     0.0000     0.0000     0.0000 
    -33.75     4.0000     0.0000     0.0000     0.0000     0.0000     0.0000     0.0000 
    -34.25     4.0000     0.0000     0.0000     0.0000     0.0000     0.0000     0.0000 
    -34.75     4.0000     0.0000     0.0000     0.0000     0.0000     0.0000     0.0000 
    -35.25     4.0000     0.0000     0.0000     0.0000     0.0000     0.0000     0.0000 
    -35.75     4.0000     0.0000     0.0000     0.0000     0.0000     0.0000     0.0000 
    -36.25     4.0000     0.0000     0.0000     0.0000     0.0000     0.0000     0.0000 
    -36.75     4.0000     0.0000     0.0000     0.0000     0.0000     0.0000     0.0000 
    -37.25     4.0000     0.0000     0.0000     0.0000     0.0000     0.0000     0.0000 
    -37.75     4.0000     0.0000     0.0000     0.0000     0.0000     0.0000     0.0000 
    -38.25     4.0000     0.0000     0.0000     0.0000     0.0000     0.0000     0.0000 
    -38.75     4.0000     0.0000     0.0000     0.0000     0.0000     0.0000     0.0000 
    -39.25     4.0000     0.0000     0.0000     0.0000     0.0000     0.0000     0.0000 
    -39.75     4.0000     0.0000     0.0000     0.0000     0.0000     0.0000     0.0000 
    -40.25     4.0000     0.0000     0.0000     0.0000     0.0000     0.0000     0.0000 
    -40.25     4.0000     0.0000     0.0000     0.0000     0.0000     0.0000     0.0000 
