Depths to top of layers in Si3D Grid            
** used if ibathyf in si3d_inp.txt is set to < 0       
------------------------------------------------------ 
   km1   =        172
      1.00  -100.0000 
      2.00  -100.0000 
      3.00     0.5100 
      4.00     1.0300 
      5.00     1.5600 
      6.00     2.1000 
      7.00     2.6500 
      8.00     3.2200 
      9.00     3.7900 
     10.00     4.3800 
     11.00     4.9700 
     12.00     5.5800 
     13.00     6.2100 
     14.00     6.8400 
     15.00     7.4900 
     16.00     8.1500 
     17.00     8.8200 
     18.00     9.5100 
     19.00    10.2100 
     20.00    10.9200 
     21.00    11.6500 
     22.00    12.3900 
     23.00    13.1500 
     24.00    13.9200 
     25.00    14.7100 
     26.00    15.5200 
     27.00    16.3400 
     28.00    17.1700 
     29.00    18.0300 
     30.00    18.9000 
     31.00    19.7800 
     32.00    20.6900 
     33.00    21.6100 
     34.00    22.5600 
     35.00    23.5200 
     36.00    24.5000 
     37.00    25.5000 
     38.00    26.5200 
     39.00    27.5600 
     40.00    28.6200 
     41.00    29.7000 
     42.00    30.8100 
     43.00    31.9300 
     44.00    33.0800 
     45.00    34.2500 
     46.00    35.4500 
     47.00    36.6700 
     48.00    37.9100 
     49.00    39.1800 
     50.00    40.4700 
     51.00    41.7900 
     52.00    43.1400 
     53.00    44.5100 
     54.00    45.9100 
     55.00    47.3400 
     56.00    48.7900 
     57.00    50.2800 
     58.00    51.7900 
     59.00    53.3400 
     60.00    54.9200 
     61.00    56.5300 
     62.00    58.1700 
     63.00    59.8400 
     64.00    61.5500 
     65.00    63.2900 
     66.00    65.0600 
     67.00    66.8700 
     68.00    68.7200 
     69.00    70.6100 
     70.00    72.5300 
     71.00    74.4900 
     72.00    76.4900 
     73.00    78.5300 
     74.00    80.6100 
     75.00    82.7300 
     76.00    84.9000 
     77.00    87.1000 
     78.00    89.3600 
     79.00    91.6500 
     80.00    94.0000 
     81.00    96.3900 
     82.00    98.8200 
     83.00   101.3100 
     84.00   103.8500 
     85.00   106.4300 
     86.00   109.0700 
     87.00   111.7600 
     88.00   114.5100 
     89.00   117.3100 
     90.00   120.1700 
     91.00   123.0800 
     92.00   126.0500 
     93.00   129.0800 
     94.00   132.1700 
     95.00   135.3300 
     96.00   138.5400 
     97.00   141.8200 
     98.00   145.1700 
     99.00   148.5800 
    100.00   152.0600 
    101.00   155.6200 
    102.00   159.2400 
    103.00   162.9300 
    104.00   166.7000 
    105.00   171.7000 
    106.00   176.7000 
    107.00   181.7000 
    108.00   186.7000 
    109.00   191.7000 
    110.00   196.7000 
    111.00   201.7000 
    112.00   206.7000 
    113.00   211.7000 
    114.00   216.7000 
    115.00   221.7000 
    116.00   226.7000 
    117.00   231.7000 
    118.00   236.7000 
    119.00   241.7000 
    120.00   246.7000 
    121.00   251.7000 
    122.00   256.7000 
    123.00   261.7000 
    124.00   266.7000 
    125.00   271.7000 
    126.00   276.7000 
    127.00   281.7000 
    128.00   286.7000 
    129.00   291.7000 
    130.00   296.7000 
    131.00   301.7000 
    132.00   306.7000 
    133.00   311.7000 
    134.00   316.7000 
    135.00   321.7000 
    136.00   326.7000 
    137.00   331.7000 
    138.00   336.7000 
    139.00   341.7000 
    140.00   346.7000 
    141.00   351.7000 
    142.00   356.7000 
    143.00   361.7000 
    144.00   366.7000 
    145.00   371.7000 
    146.00   376.7000 
    147.00   381.7000 
    148.00   386.7000 
    149.00   391.7000 
    150.00   396.7000 
    151.00   401.7000 
    152.00   406.7000 
    153.00   411.7000 
    154.00   416.7000 
    155.00   421.7000 
    156.00   426.7000 
    157.00   431.7000 
    158.00   436.7000 
    159.00   441.7000 
    160.00   446.7000 
    161.00   451.7000 
    162.00   456.7000 
    163.00   461.7000 
    164.00   466.7000 
    165.00   471.7000 
    166.00   476.7000 
    167.00   481.7000 
    168.00   486.7000 
    169.00   491.7000 
    170.00   496.7000 
    171.00   501.7000 
    172.00   505.0000 
