LakeTahoe   UP1 (dx= 800m),   imx =  26,jmx =  44,ncols = 26
HV       V   V   V   V   V   V   V   V   V   V   V   V   V   V   V   V   V   V   V   V   V   V   V   V   V   V
         2    3    4    5    6    7    8    9   10   11   12   13   14   15   16   17   18   19   20   21   22   23   24   25   26   27
   45  -99  -99  -99  -99  -99  -99  -99  -99  -99  -99  -99  -99  -99  -99  -99  -99  -99  -99  853  638   82  -99  -99  -99  -99  -99 
   44  -99  -99  -99  -99  -99  -99  -99  -99  -99  -99  -99  -99  -99  -99  -99  -99  -99  -99 2328 2108 1251  265  122   17  -99  -99 
   43  -99  -99  -99  -99  -99  -99  -99  -99  -99  -99  109  150  133  110   77   39  -99  -99 3442 3478 2362 1097 1737 1067   97  -99 
   42  -99  -99  -99  -99  -99  -99  -99  -99  -99  -99  245  520  371  230  197  134  -99  183 4322 4273 3495 1806 2339 1700  148  -99 
   41  -99  -99  -99  -99  -99  -99  -99  -99  121  324  689 1146  910  439  257  248  111 1927 4709 4669 4162 2124 2647 2021  742  -99 
   40  -99  -99  -99  -99  -99  -99  -99  -99  340  611 1242 1526 1325 1090  436  286  646 4322 4880 4751 4133 2428 3116 2426 1286  -99 
   39  -99  -99  -99  -99  -99  -99  -99  -99  303 1241 1761 2425 2024 1549 1042  402 2344 4949 4952 4788 4139 3032 3430 2519 1027  -99 
   38  -99  -99  -99  -99  -99  -99  -99   31  512 1697 2456 3441 2862 2199 1771 2118 4298 4965 4974 4914 3843 3615 3186 1945  428   34 
   37  -99  -99  -99  -99  -99  -99  -99   24 1639 2095 3331 4101 3443 3124 2641 4473 4976 4981 4964 4916 4730 3348 3253 2007 1095   95 
   36  -99  -99  -99  -99  -99  -99  -99   41 1761 2651 2934 4578 4070 3739 4471 4980 5010 4869 4944 4894 4752 4126 3796 3275 1983  162 
   35  -99  -99  -99  -99   62   30   56  102 2308 2886 3835 4667 4705 4738 4857 5009 5010 4996 4939 4887 4757 4289 4123 3062 1516  -99 
   34  -99  -99  -99   72  120  122  125  130 2379 2986 4655 4772 4801 4839 4907 5005 5005 4965 4906 4836 4257 4414 4330 2850  470  -99 
   33  -99  -99  -99   92  140  143  138  138 2160 3683 4765 4810 4828 4897 4989 4996 4995 4928 4837 4717 4597 4510 4252 2507  661  -99 
   32  -99  -99  -99  211  159  141  130  181 1626 3407 4781 4834 4831 4981 5007 4992 4972 4889 4789 4733 4682 4612 4193 3015  891  -99 
   31  -99  -99   17  251  803  245  318  577 1616 3170 4663 4825 4929 4987 5003 4991 4986 4848 4720 4762 4738 4693 4084 2321   82  -99 
   30  -99  -99  410 1157 2060 1079  518 1065 2167 2478 4546 4852 4903 4928 4982 4984 4915 4647 4747 4780 4749 4714 4130 1429  -99  -99 
   29  -99  -99 1633 2391 2456 1594 2236 2164 2517 3044 4612 4841 4894 4863 4963 4964 4849 4836 4830 4831 4763 4719 2827  250  -99  -99 
   28  -99  685 2348 2679 2941 2862 2182 3906 3626 4033 4634 4827 4827 4949 4919 4937 4859 4843 4841 4848 4614 3950 1221  -99  -99  -99 
   27  -99 1419 2389 2806 3160 3214 3728 4104 4285 4422 4655 4745 4825 4934 4905 4916 4710 4851 4834 4868 4724 4155  781  -99  -99  -99 
   26  -99  354 2294 2774 3062 3455 3757 4081 4319 4541 4672 4735 4825 4754 4735 4838 4776 4779 4804 4539 4598 1989   42  -99  -99  -99 
   25  -99  879 2569 2916 3062 3334 3920 4100 4227 4532 4643 4705 4839 4842 4520 4863 4844 4804 4696 4707 4493 3295  749  -99  -99  -99 
   24  -99 1744 2572 2838 3318 3468 3793 3986 4214 4414 4656 4767 4831 4849 4811 4883 4842 4810 4759 4670 4406 3596 2385  261   25  -99 
   23  -99 1260 2401 2344 3124 3231 3425 3965 4037 4227 4648 4680 4836 4849 4745 4500 4859 4811 4486 4571 4347 3927 2271  440  -99  -99 
   22  -99  673 1787 2159 2292 1398 2840 3870 4232 4397 4668 4738 4827 4851 4846 4861 4840 4825 4741 4642 4499 4283 2054  140  -99  -99 
   21  -99  -99   72  295 1022  145 1143 3905 4290 4524 4649 4828 4820 4845 4844 4852 4835 4821 4770 4665 4490 4056 2920  729   12  -99 
   20  -99  -99  -99  -99   60  133  317 3421 4461 4616 4788 4816 4802 4585 4848 4729 4819 4651 4718 4559 4534 4202 2821  220  -99  -99 
   19  -99  -99  -99  -99  -99  -99  149 3217 4337 4710 4787 4804 4788 4788 4839 4819 4786 4788 4713 4464 4581 4417 2477  223  -99  -99 
   18  -99  -99  -99  -99  -99  -99   68 1619 4137 4619 4753 4792 4768 4783 4712 4734 4637 4755 4567 4646 4593 3780 1592  213  -99  -99 
   17  -99  -99  -99  -99  -99  -99   37 1765 4052 4450 4711 4745 4722 4534 4715 4708 4695 4701 4689 4638 3340 1657  934  142  -99  -99 
   16  -99  -99  -99  -99  -99   24 2092 2994 3970 4489 4681 4718 4697 4706 4688 4653 4662 4642 4647 4594 4562 2537  968  109  -99  -99 
   15  -99  -99  -99  -99  -99  -99 1176 2110 4432 4636 4690 4701 4686 4668 4664 4622 4616 4587 4574 4530 4351 2684 1085  174  -99  -99 
   14  -99  -99  -99  -99  -99  -99  650 1947 4489 4650 4676 4674 4673 4642 4627 4591 4578 4535 4504 4472 4299 1917  308   62  -99  -99 
   13  -99  -99  -99  -99  -99  -99 1079 3063 4467 4637 4665 4660 4641 4612 4592 4558 4520 4474 4439 4355 4345 3035 1032   86  -99  -99 
   12  -99  -99  -99  -99  -99  -99   42 1668 1844 4629 4633 4622 4598 4555 4547 4511 4444 4366 4336 3944 3943 3416 1862  127  -99  -99 
   11  -99  -99  -99  -99  -99  -99  -99   68 2521 4514 4566 4587 4532 4483 4467 4407 4396 4202 4174 4017 3557 2739  537  -99  -99  -99 
   10  -99  -99  -99  -99  -99  -99  -99  -99  649 4502 4557 4555 4477 4375 4371 4265 4276 4200 4042 3828 3401 2469 1330   55  -99  -99 
    9  -99  -99  -99  -99  -99  -99  -99  -99  170 4319 4444 4495 4470 4315 4237 4120 4050 3975 3744 3660 3445 2378  895  -99  -99  -99 
    8  -99  -99  -99  -99  -99  -99  -99  -99  -99 3749 4094 4309 4340 4289 4128 4038 3806 3637 3644 3351 3041 2948 1828  528  -99  -99 
    7  -99  -99  -99  -99  -99  -99  -99  -99  -99 2401 3399 3989 4128 4160 4059 3795 3592 3412 2991 2683 2952  783 1563  510  -99  -99 
    6  -99  -99  -99  -99  -99  -99  -99  -99  -99  -99 1301 3539 3807 3745 3779 3444 3385 2953 2549  829 1976 1747  745   64  -99  -99 
    5  -99  -99  -99  -99  -99  -99  -99  -99  -99  151  225 2838 3288 3228 2640 3145 2880 2357 2053 1056  415  231   55   35  -99  -99 
    4  -99  -99  -99  -99  -99  -99  -99  228  614  -99   34 1977 1705 1096  309 1179 1782 1238  431   51   26   42   22  -99  -99  -99 
    3  -99  -99  -99  -99  -99  -99  -99  -99  -99  -99  -99   47   96  114  129  312  689   60   19   16  -99  -99  -99  -99  -99  -99 
    2  -99  -99  -99  -99  -99  -99  -99  -99  -99  -99  -99  -99  -99  -99  -99  -99  -99  -99  -99  -99  -99  -99  -99  -99  -99  -99 
