Depths to top of layers in Si3D Grid for Clear Lake    
** used if ibathyf in si3d_inp.txt is set to < 0       
------------------------------------------------------ 
   km1   =        37 
      1.00  -100.0000 
      2.00  -100.0000 
      3.00     0.5000 
      4.00     1.0000 
      5.00     1.5000 
      6.00     2.0000 
      7.00     2.5000 
      8.00     3.0000 
      9.00     3.5000 
     10.00     4.0000 
     11.00     4.5000 
     12.00     5.0000 
     13.00     5.5000 
     14.00     6.0000 
     15.00     6.5000 
     16.00     7.0000 
     17.00     7.5000 
     18.00     8.0000 
     19.00     8.5000 
     20.00     9.0000 
     21.00     9.5000 
     22.00    10.0000 
     23.00    10.5000 
     24.00    11.0000 
     25.00    11.5000 
     26.00    12.0000 
     27.00    12.5000 
     28.00    13.0000 
     29.00    13.5000 
     30.00    14.0000 
     31.00    14.5000 
     32.00    15.0000 
     33.00    15.5000 
     34.00    16.0000 
     35.00    16.5000 
     36.00    17.0000 
     37.00    17.5000 
